486 1509 1023
1 19 -2 1
4 1 -2 1
18 2 2 1
11 2 3 2
4 2 1 3
3 4 -2 3
10 3 -2 3
5 10 -2 4
8 5 -2 4
9 6 5 4
62 6 6 5
8 6 4 6
7 8 -2 6
61 7 -2 6
12 9 7 4
12 10 4 3
12 11 3 7
13 31 -2 8
16 13 -2 8
30 14 9 8
23 14 10 9
16 14 8 10
15 16 -2 10
22 15 -2 10
17 22 -2 11
20 17 -2 11
21 18 2 11
20 18 11 1
19 20 -2 1
24 21 12 11
24 22 11 10
24 23 10 12
25 43 -2 13
28 25 -2 13
42 26 14 13
35 26 15 14
28 26 13 15
27 28 -2 15
34 27 -2 15
29 34 -2 16
32 29 -2 16
33 30 9 16
32 30 16 8
31 32 -2 8
36 33 17 16
36 34 16 15
36 35 15 17
37 55 -2 18
40 37 -2 18
54 38 19 18
47 38 20 19
40 38 18 20
39 40 -2 20
46 39 -2 20
41 46 -2 21
44 41 -2 21
45 42 14 21
44 42 21 13
43 44 -2 13
48 45 22 21
48 46 21 20
48 47 20 22
49 67 -2 23
52 49 -2 23
66 50 24 23
59 50 25 24
52 50 23 25
51 52 -2 25
58 51 -2 25
53 58 -2 26
56 53 -2 26
57 54 19 26
56 54 26 18
55 56 -2 18
60 57 27 26
60 58 26 25
60 59 25 27
64 61 -2 6
71 62 28 5
64 62 6 28
63 64 -2 28
70 63 -2 28
65 70 -2 29
68 65 -2 29
69 66 24 29
68 66 29 23
67 68 -2 23
72 69 30 29
72 70 29 28
72 71 28 30
91 73 31 2
76 73 32 31
11 73 2 32
90 74 33 31
83 74 34 33
76 74 31 34
76 75 34 32
82 75 7 34
11 75 32 7
82 77 35 7
80 77 36 35
9 77 7 36
81 78 37 35
134 78 38 37
80 78 35 38
80 79 38 36
133 79 5 38
9 79 36 5
84 81 39 35
84 82 35 34
84 83 34 39
103 85 40 9
88 85 41 40
23 85 9 41
102 86 42 40
95 86 43 42
88 86 40 43
88 87 43 41
94 87 12 43
23 87 41 12
94 89 44 12
92 89 45 44
21 89 12 45
93 90 33 44
92 90 44 31
92 91 31 45
21 91 45 2
96 93 46 44
96 94 44 43
96 95 43 46
115 97 47 14
100 97 48 47
35 97 14 48
114 98 49 47
107 98 50 49
100 98 47 50
100 99 50 48
106 99 17 50
35 99 48 17
106 101 51 17
104 101 52 51
33 101 17 52
105 102 42 51
104 102 51 40
104 103 40 52
33 103 52 9
108 105 53 51
108 106 51 50
108 107 50 53
127 109 54 19
112 109 55 54
47 109 19 55
126 110 56 54
119 110 57 56
112 110 54 57
112 111 57 55
118 111 22 57
47 111 55 22
118 113 58 22
116 113 59 58
45 113 22 59
117 114 49 58
116 114 58 47
116 115 47 59
45 115 59 14
120 117 60 58
120 118 58 57
120 119 57 60
139 121 61 24
124 121 62 61
59 121 24 62
138 122 63 61
131 122 64 63
124 122 61 64
124 123 64 62
130 123 27 64
59 123 62 27
130 125 65 27
128 125 66 65
57 125 27 66
129 126 56 65
128 126 65 54
128 127 54 66
57 127 66 19
132 129 67 65
132 130 65 64
132 131 64 67
136 133 68 38
71 133 5 68
143 134 69 37
136 134 38 69
136 135 69 68
142 135 30 69
71 135 68 30
142 137 70 30
140 137 71 70
69 137 30 71
141 138 63 70
140 138 70 61
140 139 61 71
69 139 71 24
144 141 72 70
144 142 70 69
144 143 69 72
163 145 73 33
148 145 74 73
83 145 33 74
162 146 75 73
155 146 76 75
148 146 73 76
148 147 76 74
154 147 39 76
83 147 74 39
154 149 77 39
152 149 78 77
81 149 39 78
153 150 79 77
206 150 80 79
152 150 77 80
152 151 80 78
205 151 37 80
81 151 78 37
156 153 81 77
156 154 77 76
156 155 76 81
175 157 82 42
160 157 83 82
95 157 42 83
174 158 84 82
167 158 85 84
160 158 82 85
160 159 85 83
166 159 46 85
95 159 83 46
166 161 86 46
164 161 87 86
93 161 46 87
165 162 75 86
164 162 86 73
164 163 73 87
93 163 87 33
168 165 88 86
168 166 86 85
168 167 85 88
187 169 89 49
172 169 90 89
107 169 49 90
186 170 91 89
179 170 92 91
172 170 89 92
172 171 92 90
178 171 53 92
107 171 90 53
178 173 93 53
176 173 94 93
105 173 53 94
177 174 84 93
176 174 93 82
176 175 82 94
105 175 94 42
180 177 95 93
180 178 93 92
180 179 92 95
199 181 96 56
184 181 97 96
119 181 56 97
198 182 98 96
191 182 99 98
184 182 96 99
184 183 99 97
190 183 60 99
119 183 97 60
190 185 100 60
188 185 101 100
117 185 60 101
189 186 91 100
188 186 100 89
188 187 89 101
117 187 101 49
192 189 102 100
192 190 100 99
192 191 99 102
211 193 103 63
196 193 104 103
131 193 63 104
210 194 105 103
203 194 106 105
196 194 103 106
196 195 106 104
202 195 67 106
131 195 104 67
202 197 107 67
200 197 108 107
129 197 67 108
201 198 98 107
200 198 107 96
200 199 96 108
129 199 108 56
204 201 109 107
204 202 107 106
204 203 106 109
208 205 110 80
143 205 37 110
215 206 111 79
208 206 80 111
208 207 111 110
214 207 72 111
143 207 110 72
214 209 112 72
212 209 113 112
141 209 72 113
213 210 105 112
212 210 112 103
212 211 103 113
141 211 113 63
216 213 114 112
216 214 112 111
216 215 111 114
231 217 115 75
220 217 116 115
155 217 75 116
230 218 117 115
220 218 115 118
220 219 118 116
224 219 81 118
155 219 116 81
224 221 119 81
223 221 120 119
153 221 81 120
223 222 121 120
265 222 79 121
153 222 120 79
242 225 122 84
228 225 123 122
167 225 84 123
241 226 124 122
235 226 125 124
228 226 122 125
228 227 125 123
234 227 88 125
167 227 123 88
234 229 126 88
232 229 127 126
165 229 88 127
233 230 117 126
232 230 126 115
232 231 115 127
165 231 127 75
236 233 128 126
236 234 126 125
236 235 125 128
250 237 129 91
239 237 130 129
179 237 91 130
239 238 131 130
244 238 95 131
179 238 130 95
244 240 132 95
243 240 133 132
177 240 95 133
243 241 132 122
243 242 122 133
177 242 133 84
259 245 134 98
248 245 135 134
191 245 98 135
258 246 136 134
248 246 134 137
248 247 137 135
252 247 102 137
191 247 135 102
252 249 138 102
251 249 139 138
189 249 102 139
251 250 129 139
189 250 139 91
270 253 140 105
256 253 141 140
203 253 105 141
269 254 142 140
263 254 143 142
256 254 140 143
256 255 143 141
262 255 109 143
203 255 141 109
262 257 144 109
260 257 145 144
201 257 109 145
261 258 136 144
260 258 144 134
260 259 134 145
201 259 145 98
264 261 146 144
264 262 144 143
264 263 143 146
267 265 147 121
215 265 79 147
267 266 148 147
272 266 114 148
215 266 147 114
272 268 149 114
271 268 150 149
213 268 114 150
271 269 149 140
271 270 140 150
213 270 150 105
299 273 151 117
276 273 152 151
287 273 117 152
298 274 153 151
276 274 151 154
276 275 154 152
285 275 152 155
282 277 156 119
280 277 157 156
223 277 119 157
281 278 158 156
358 278 159 158
280 278 156 159
280 279 159 157
357 279 121 159
223 279 157 121
284 281 160 156
291 282 161 119
284 282 156 161
284 283 161 160
290 283 155 161
290 285 162 155
288 285 152 162
289 286 118 162
218 286 163 118
288 286 162 163
288 287 163 152
218 287 117 163
292 289 164 162
224 289 118 164
292 290 162 161
292 291 161 164
224 291 164 119
311 293 165 124
296 293 166 165
235 293 124 166
310 294 167 165
303 294 168 167
296 294 165 168
296 295 168 166
302 295 128 168
235 295 166 128
302 297 169 128
300 297 170 169
233 297 128 170
301 298 153 169
300 298 169 151
300 299 151 170
233 299 170 117
304 301 171 169
304 302 169 168
304 303 168 171
331 305 172 129
308 305 173 172
239 305 129 173
330 306 174 172
319 306 175 174
308 306 172 175
308 307 175 173
318 307 131 175
239 307 173 131
312 309 177 176
315 309 178 177
312 310 176 165
312 311 165 177
313 311 177 124
241 313 179 124
316 313 177 179
241 314 132 179
323 314 180 132
316 314 179 180
316 315 180 177
322 315 178 180
322 317 181 178
320 317 182 181
321 318 131 181
320 318 181 175
320 319 175 182
324 321 183 181
244 321 131 183
324 322 181 180
324 323 180 183
244 323 183 132
351 325 184 136
328 325 185 184
339 325 136 185
350 326 186 184
328 326 184 187
328 327 187 185
337 327 185 188
334 329 189 138
332 329 190 189
251 329 138 190
333 330 174 189
332 330 189 172
332 331 172 190
251 331 190 129
336 333 191 189
343 334 192 138
336 334 189 192
336 335 192 191
342 335 188 192
342 337 193 188
340 337 185 193
341 338 137 193
246 338 194 137
340 338 193 194
340 339 194 185
246 339 136 194
344 341 195 193
252 341 137 195
344 342 193 192
344 343 192 195
252 343 195 138
363 345 196 142
348 345 197 196
263 345 142 197
362 346 198 196
355 346 199 198
348 346 196 199
348 347 199 197
354 347 146 199
263 347 197 146
354 349 200 146
352 349 201 200
261 349 146 201
353 350 186 200
352 350 200 184
352 351 184 201
261 351 201 136
356 353 202 200
356 354 200 199
356 355 199 202
360 357 203 159
267 357 121 203
371 358 204 158
360 358 159 204
360 359 204 203
370 359 148 204
267 359 203 148
364 361 206 205
367 361 207 206
364 362 205 196
364 363 196 206
365 363 206 142
269 365 208 142
368 365 206 208
269 366 149 208
375 366 209 149
368 366 208 209
368 367 209 206
374 367 207 209
374 369 210 207
372 369 211 210
373 370 148 210
372 370 210 204
372 371 204 211
376 373 212 210
272 373 148 212
376 374 210 209
376 375 209 212
272 375 212 149
407 377 213 153
380 377 214 213
395 377 153 214
406 378 215 213
380 378 213 216
380 379 216 214
393 379 214 217
390 381 218 155
384 381 219 218
283 381 155 219
389 382 220 218
384 382 218 221
384 383 221 219
388 383 160 221
283 383 219 160
388 385 222 160
387 385 223 222
281 385 160 223
387 386 224 223
473 386 158 224
281 386 223 158
392 389 225 218
399 389 220 225
275 390 226 155
392 390 218 226
392 391 226 225
275 391 154 226
397 391 225 154
398 393 227 217
396 393 214 227
397 394 154 227
274 394 228 154
396 394 227 228
396 395 228 214
274 395 153 228
400 397 225 227
400 398 227 229
400 399 229 225
423 401 230 167
404 401 231 230
303 401 167 231
422 402 232 230
411 402 233 232
404 402 230 233
404 403 233 231
410 403 171 233
303 403 231 171
410 405 234 171
408 405 235 234
301 405 171 235
409 406 215 234
408 406 234 213
408 407 213 235
301 407 235 153
412 409 236 234
412 410 234 233
412 411 233 236
446 413 237 174
415 413 238 237
319 413 174 238
415 414 239 238
420 414 182 239
319 414 238 182
420 416 240 182
419 416 241 240
317 416 182 241
431 417 243 242
419 417 240 243
419 418 243 241
430 418 178 243
317 418 241 178
424 421 245 244
427 421 246 245
424 422 244 230
424 423 230 245
425 423 245 167
310 425 247 167
428 425 245 247
310 426 176 247
435 426 248 176
428 426 247 248
428 427 248 245
434 427 246 248
309 429 249 176
432 429 250 249
435 429 176 250
309 430 178 249
432 430 249 243
432 431 243 250
433 431 250 242
436 433 250 251
436 434 251 248
436 435 248 250
467 437 252 186
440 437 253 252
455 437 186 253
466 438 254 252
440 438 252 255
440 439 255 253
453 439 253 256
450 441 257 188
444 441 258 257
335 441 188 258
449 442 259 257
444 442 257 260
444 443 260 258
448 443 191 260
335 443 258 191
448 445 261 191
447 445 262 261
333 445 191 262
447 446 237 262
333 446 262 174
452 449 263 257
459 449 259 263
327 450 264 188
452 450 257 264
452 451 264 263
327 451 187 264
457 451 263 187
458 453 265 256
456 453 253 265
457 454 187 265
326 454 266 187
456 454 265 266
456 455 266 253
326 455 186 266
460 457 263 265
460 458 265 267
460 459 267 263
483 461 268 198
464 461 269 268
355 461 198 269
482 462 270 268
471 462 271 270
464 462 268 271
464 463 271 269
470 463 202 271
355 463 269 202
470 465 272 202
468 465 273 272
353 465 202 273
469 466 254 272
468 466 272 252
468 467 252 273
353 467 273 186
472 469 274 272
472 470 272 271
472 471 271 274
475 473 275 224
371 473 158 275
475 474 276 275
480 474 211 276
371 474 275 211
480 476 277 211
479 476 278 277
369 476 211 278
491 477 280 279
479 477 277 280
479 478 280 278
490 478 207 280
369 478 278 207
484 481 282 281
487 481 283 282
484 482 281 268
484 483 268 282
485 483 282 198
362 485 284 198
488 485 282 284
362 486 205 284
495 486 285 205
488 486 284 285
488 487 285 282
494 487 283 285
361 489 286 205
492 489 287 286
495 489 205 287
361 490 207 286
492 490 286 280
492 491 280 287
493 491 287 279
496 493 287 288
496 494 288 285
496 495 285 287
576 497 289 215
500 497 290 289
517 497 215 290
575 498 291 289
502 498 292 291
500 498 289 292
500 499 292 290
501 499 293 292
515 499 290 293
964 501 294 292
965 502 292 295
512 503 296 217
506 503 297 296
561 503 217 297
511 504 298 296
508 504 299 298
506 504 296 299
506 505 299 297
507 505 300 299
559 505 297 300
970 507 301 299
971 508 299 302
521 509 303 298
972 509 304 303
973 510 303 305
520 510 293 303
514 511 306 296
521 511 298 306
379 512 307 217
514 512 296 307
514 513 307 306
379 513 216 307
519 513 306 216
520 515 308 293
518 515 290 308
519 516 216 308
378 516 309 216
518 516 308 309
518 517 309 290
378 517 215 309
522 519 306 308
522 520 308 303
522 521 303 306
556 523 310 220
526 523 311 310
546 523 220 311
555 524 312 310
534 524 313 312
526 524 310 313
526 525 313 311
533 525 314 313
544 525 311 314
552 527 315 312
974 527 316 315
534 527 312 316
533 528 317 314
531 528 318 317
542 528 314 318
532 529 319 317
976 529 320 319
531 529 317 320
531 530 320 318
763 530 321 320
540 530 318 321
535 532 316 317
535 533 317 313
535 534 313 316
541 536 322 222
539 536 323 322
387 536 222 323
540 537 321 322
760 537 324 321
539 537 322 324
539 538 324 323
759 538 224 324
387 538 323 224
543 540 318 322
550 541 325 222
543 541 322 325
543 542 325 318
549 542 314 325
549 544 326 314
547 544 311 326
548 545 221 326
382 545 327 221
547 545 326 327
547 546 327 311
382 546 220 327
551 548 328 326
388 548 221 328
551 549 326 325
551 550 325 328
388 550 328 222
565 552 329 312
554 552 315 329
554 553 329 330
564 553 300 329
558 555 331 310
565 555 312 331
399 556 332 220
558 556 310 332
558 557 332 331
399 557 229 332
563 557 331 229
564 559 333 300
562 559 297 333
563 560 229 333
398 560 334 229
562 560 333 334
562 561 334 297
398 561 217 334
566 563 331 333
566 564 333 329
566 565 329 331
627 567 335 232
570 567 336 335
411 567 232 336
626 568 337 335
580 568 338 337
570 568 335 338
570 569 338 336
579 569 236 338
411 569 336 236
624 571 339 337
573 571 340 339
580 571 337 340
573 572 341 340
578 572 340 291
579 574 342 236
577 574 343 342
409 574 236 343
578 575 291 342
577 575 342 289
577 576 289 343
409 576 343 215
581 578 340 342
581 579 342 338
581 580 338 340
714 582 344 237
585 582 345 344
415 582 237 345
713 583 346 344
607 583 347 346
585 583 344 347
585 584 347 345
606 584 239 347
415 584 345 239
706 586 348 346
589 586 349 348
607 586 346 349
980 587 350 348
599 587 351 350
589 587 348 351
589 588 351 349
598 588 352 351
605 588 349 352
982 590 353 350
592 590 354 353
599 590 350 354
592 591 355 354
656 591 356 355
597 591 354 356
598 593 357 352
596 593 358 357
603 593 352 358
597 594 356 357
653 594 359 356
596 594 357 359
596 595 359 358
652 595 242 359
601 595 358 242
600 597 354 357
600 598 357 351
600 599 351 354
417 601 360 242
604 601 358 360
417 602 240 360
611 602 361 240
604 602 360 361
604 603 361 358
610 603 352 361
610 605 362 352
608 605 349 362
609 606 239 362
608 606 362 347
608 607 347 349
612 609 363 362
420 609 239 363
612 610 362 361
612 611 361 363
420 611 363 240
614 613 365 364
621 613 366 365
655 613 364 366
989 615 368 367
641 615 369 368
620 615 367 369
621 616 370 366
619 616 371 370
649 616 366 371
620 617 369 370
638 617 372 369
619 617 370 372
619 618 372 371
637 618 246 372
647 618 371 246
622 620 367 370
622 621 370 365
991 623 374 373
630 623 375 374
640 623 373 375
992 624 339 376
629 624 376 337
630 625 377 375
628 625 378 377
634 625 375 378
629 626 337 377
628 626 377 335
628 627 335 378
632 627 378 232
631 629 376 377
631 630 377 374
422 632 379 232
635 632 378 379
422 633 244 379
645 633 380 244
635 633 379 380
635 634 380 378
644 634 375 380
421 636 381 244
639 636 382 381
645 636 244 382
421 637 246 381
639 637 381 372
639 638 372 382
643 638 382 369
644 640 383 375
642 640 373 383
643 641 369 383
642 641 383 368
646 643 382 383
646 644 383 380
646 645 380 382
434 647 384 246
650 647 371 384
434 648 251 384
661 648 385 251
650 648 384 385
650 649 385 371
660 649 366 385
433 651 386 251
654 651 387 386
661 651 251 387
433 652 242 386
654 652 386 359
654 653 359 387
659 653 387 356
660 655 388 366
658 655 364 388
659 656 356 388
658 656 388 355
658 657 355 364
662 659 387 388
662 660 388 385
662 661 385 387
753 663 389 254
666 663 390 389
691 663 254 390
752 664 391 389
670 664 392 391
666 664 389 392
666 665 392 390
669 665 393 392
689 665 390 393
749 667 394 391
995 667 395 394
670 667 391 395
669 668 396 393
996 668 397 396
683 668 393 397
671 669 396 392
671 670 392 395
686 672 398 256
675 672 399 398
738 672 256 399
685 673 400 398
680 673 401 400
675 673 398 401
675 674 401 399
679 674 402 401
736 674 399 402
682 676 403 400
998 676 404 403
680 676 400 404
679 677 405 402
678 677 406 405
730 677 402 406
681 679 405 401
681 680 401 404
695 682 407 400
684 682 403 407
684 683 407 397
694 683 393 407
688 685 408 398
695 685 400 408
439 686 409 256
688 686 398 409
688 687 409 408
439 687 255 409
693 687 408 255
694 689 410 393
692 689 390 410
693 690 255 410
438 690 411 255
692 690 410 411
692 691 411 390
438 691 254 411
696 693 408 410
696 694 410 407
696 695 407 408
733 697 412 259
700 697 413 412
722 697 259 413
732 698 414 412
710 698 415 414
700 698 412 415
700 699 415 413
709 699 416 415
720 699 413 416
729 701 417 414
703 701 418 417
710 701 414 418
703 702 419 418
708 702 418 420
709 704 421 416
707 704 422 421
718 704 416 422
708 705 420 421
707 705 421 348
707 706 348 422
716 706 422 346
711 708 418 421
711 709 421 415
711 710 415 418
717 712 423 261
715 712 424 423
447 712 261 424
716 713 346 423
715 713 423 344
715 714 344 424
447 714 424 237
719 716 422 423
726 717 425 261
719 717 423 425
719 718 425 422
725 718 416 425
725 720 426 416
723 720 413 426
724 721 260 426
442 721 427 260
723 721 426 427
723 722 427 413
442 722 259 427
727 724 428 426
448 724 260 428
727 725 426 425
727 726 425 428
448 726 428 261
731 728 406 417
742 729 429 414
731 729 417 429
731 730 429 406
741 730 402 429
735 732 430 412
742 732 414 430
459 733 431 259
735 733 412 431
735 734 431 430
459 734 267 431
740 734 430 267
741 736 432 402
739 736 399 432
740 737 267 432
458 737 433 267
739 737 432 433
739 738 433 399
458 738 256 433
743 740 430 432
743 741 432 429
743 742 429 430
796 744 434 270
747 744 435 434
471 744 270 435
795 745 436 434
757 745 437 436
747 745 434 437
747 746 437 435
756 746 274 437
471 746 435 274
1006 748 438 436
750 748 439 438
757 748 436 439
750 749 394 439
755 749 439 391
756 751 440 274
754 751 441 440
469 751 274 441
755 752 391 440
754 752 440 389
754 753 389 441
469 753 441 254
758 755 439 440
758 756 440 437
758 757 437 439
762 759 442 324
475 759 224 442
782 760 443 321
762 760 324 443
762 761 443 442
781 761 276 443
475 761 442 276
766 763 444 320
782 763 321 444
774 764 446 445
766 764 320 446
766 765 446 444
773 765 447 446
780 765 444 447
1009 767 449 448
823 767 450 449
772 767 448 450
773 768 451 447
771 768 452 451
778 768 447 452
772 769 450 451
820 769 453 450
771 769 451 453
771 770 453 452
819 770 279 453
776 770 452 279
775 772 448 451
775 773 451 446
775 774 446 448
477 776 454 279
779 776 452 454
477 777 277 454
786 777 455 277
779 777 454 455
779 778 455 452
785 778 447 455
785 780 456 447
783 780 444 456
784 781 276 456
783 781 456 443
783 782 443 444
787 784 457 456
480 784 276 457
787 785 456 455
787 786 455 457
480 786 457 277
793 788 459 458
791 788 460 459
816 788 458 460
792 789 461 459
806 789 462 461
791 789 459 462
791 790 462 460
805 790 283 462
814 790 460 283
1014 792 463 459
1015 793 459 464
799 794 466 465
797 794 467 466
802 794 465 467
798 795 436 466
797 795 466 434
797 796 434 467
800 796 467 270
1019 798 468 466
1020 799 466 469
482 800 470 270
803 800 467 470
482 801 281 470
812 801 471 281
803 801 470 471
803 802 471 467
811 802 465 471
481 804 472 281
807 804 473 472
812 804 281 473
481 805 283 472
807 805 472 462
807 806 462 473
810 806 473 461
811 808 474 465
1021 808 475 474
810 809 461 474
1022 809 474 476
813 810 473 474
813 811 474 471
813 812 471 473
494 814 477 283
817 814 460 477
494 815 288 477
827 815 478 288
817 815 477 478
817 816 478 460
826 816 458 478
493 818 479 288
821 818 480 479
827 818 288 480
493 819 279 479
821 819 479 453
821 820 453 480
825 820 480 450
826 822 481 458
824 822 482 481
825 823 450 481
824 823 481 449
828 825 480 481
828 826 481 478
828 827 478 480
572 960 341 291
502 961 291 295
501 962 294 293
510 963 293 305
509 966 304 298
508 967 298 302
507 968 301 300
553 969 300 330
532 975 316 319
764 977 320 445
554 978 330 315
573 979 339 341
705 981 420 348
702 983 419 420
657 984 355 483
592 985 353 355
614 986 364 484
657 987 483 364
614 988 484 365
622 990 365 367
631 993 374 376
642 994 368 373
671 997 395 396
678 999 405 485
678 1000 485 406
728 1001 406 486
681 1002 404 405
684 1003 397 403
728 1004 486 417
703 1005 417 419
750 1007 438 394
774 1008 445 448
793 1010 458 464
822 1011 482 458
809 1012 461 476
792 1013 463 461
799 1016 465 469
808 1017 475 465
798 1018 468 436
824 1023 449 482
829 830 -1 348
830 831 -1 348
831 832 -1 348
832 833 -1 348
833 980 -1 348
834 835 -1 350
835 836 -1 350
836 837 -1 350
837 838 -1 350
838 839 -1 350
839 982 -1 350
840 841 -1 353
841 842 -1 353
842 985 -1 353
843 984 -1 355
844 845 -1 483
845 987 -1 483
846 986 -1 364
847 988 -1 484
848 849 -1 365
849 990 -1 365
850 851 -1 367
851 989 -1 367
852 853 -1 368
853 994 -1 368
854 855 -1 373
855 991 -1 373
856 857 -1 374
857 993 -1 374
858 859 -1 376
859 992 -1 376
860 861 -1 339
861 979 -1 339
862 863 -1 341
863 960 -1 341
864 865 -1 295
965 964 -1 292
866 867 -1 294
867 962 -1 294
868 963 -1 293
869 973 -1 305
870 972 -1 303
871 966 -1 304
872 967 -1 298
873 971 -1 302
874 970 -1 299
875 876 -1 301
876 968 -1 301
877 878 -1 330
878 879 -1 330
879 978 -1 330
880 881 -1 315
881 882 -1 315
882 974 -1 315
883 884 -1 316
884 885 -1 316
885 886 -1 316
886 887 -1 316
887 975 -1 316
888 889 -1 319
889 890 -1 319
890 891 -1 319
891 892 -1 319
892 976 -1 319
893 894 -1 320
894 895 -1 320
895 977 -1 320
896 897 -1 445
897 898 -1 445
898 899 -1 445
899 900 -1 445
900 1008 -1 445
901 902 -1 448
902 903 -1 448
903 904 -1 448
904 905 -1 448
905 1009 -1 448
906 907 -1 449
907 908 -1 449
908 1023 -1 449
909 910 -1 482
910 911 -1 482
1011 1010 -1 458
912 913 -1 464
913 1015 -1 464
914 1014 -1 459
915 1013 -1 463
916 1012 -1 461
917 1022 -1 476
918 1021 -1 474
919 1017 -1 475
920 1016 -1 465
921 922 -1 469
1020 1019 -1 466
923 924 -1 468
1018 1006 -1 436
925 926 -1 438
926 1007 -1 438
927 928 -1 394
928 995 -1 394
929 930 -1 395
930 997 -1 395
931 932 -1 396
932 996 -1 396
933 934 -1 397
934 1003 -1 397
935 936 -1 403
936 998 -1 403
937 938 -1 404
938 1002 -1 404
939 940 -1 405
940 999 -1 405
941 1000 -1 485
942 1001 -1 406
943 944 -1 486
944 1004 -1 486
945 1005 -1 417
946 947 -1 419
947 948 -1 419
948 983 -1 419
949 950 -1 420
950 951 -1 420
951 952 -1 420
952 953 -1 420
953 954 -1 420
954 981 -1 420
955 956 -1 348
956 957 -1 348
957 958 -1 348
958 959 -1 348
959 829 -1 348
961 864 -1 295
960 961 -1 291
962 868 -1 293
963 869 -1 305
964 866 -1 294
865 965 -1 295
966 872 -1 298
967 873 -1 302
969 877 -1 330
968 969 -1 300
970 875 -1 301
971 874 -1 299
972 871 -1 304
973 870 -1 303
974 883 -1 316
975 888 -1 319
976 893 -1 320
977 896 -1 445
978 880 -1 315
979 862 -1 341
980 834 -1 350
981 955 -1 348
982 840 -1 353
983 949 -1 420
984 844 -1 483
985 843 -1 355
986 847 -1 484
987 846 -1 364
988 848 -1 365
989 852 -1 368
990 850 -1 367
991 856 -1 374
992 860 -1 339
993 858 -1 376
994 854 -1 373
995 929 -1 395
996 933 -1 397
997 931 -1 396
998 937 -1 404
999 941 -1 485
1000 942 -1 406
1001 943 -1 486
1002 939 -1 405
1003 935 -1 403
1004 945 -1 417
1005 946 -1 419
1006 925 -1 438
1007 927 -1 394
1008 901 -1 448
1009 906 -1 449
1010 912 -1 464
911 1011 -1 482
1012 917 -1 476
1013 916 -1 461
1014 915 -1 463
1015 914 -1 459
1016 921 -1 469
1017 920 -1 465
924 1018 -1 468
1019 923 -1 468
922 1020 -1 469
1021 919 -1 475
1022 918 -1 474
1023 909 -1 482
1 -0.4756408028E+01  0.7794228494E+01
2 -0.4217321416E+01  0.6240961870E+01
3 -0.6256408028E+01  0.5629165024E+01
4 -0.5506408028E+01  0.6928203106E+01
5 -0.7756408028E+01  0.3031088859E+01
6 -0.7266696342E+01  0.9592896608E+00
7 -0.8881408028E+01  0.6495190412E+00
8 -0.8506408028E+01  0.1732050776E+01
9 -0.5913594992E+01  0.1816258686E+01
10 -0.7006408028E+01  0.4330126941E+01
11 -0.4282927699E+01  0.4640657235E+01
12 -0.5844365554E+01  0.3659221418E+01
13  0.4618591972E+01  0.8443747535E+01
14  0.3542966898E+01  0.7200251531E+01
15  0.1993591972E+01  0.8660253882E+01
16  0.3493591972E+01  0.8660253882E+01
17 -0.1006408028E+01  0.8660253882E+01
18 -0.2555782954E+01  0.7200251531E+01
19 -0.3631408028E+01  0.8443747535E+01
20 -0.2506408028E+01  0.8660253882E+01
21 -0.1137075319E+01  0.6456915921E+01
22  0.4935919722E+00  0.8660253882E+01
23  0.2124259264E+01  0.6456915921E+01
24  0.4935919722E+00  0.7318442837E+01
25  0.9868591972E+01  0.6495190412E+00
26  0.8253880287E+01  0.9592896608E+00
27  0.8743591972E+01  0.3031088859E+01
28  0.9493591972E+01  0.1732050776E+01
29  0.7243591972E+01  0.5629165024E+01
30  0.5204505360E+01  0.6240961870E+01
31  0.5743591972E+01  0.7794228494E+01
32  0.6493591972E+01  0.6928203106E+01
33  0.5270111644E+01  0.4640657235E+01
34  0.7993591972E+01  0.4330126941E+01
35  0.6900778936E+01  0.1816258686E+01
36  0.6831549499E+01  0.3659221418E+01
37  0.5743591972E+01 -0.7794228494E+01
38  0.5204505360E+01 -0.6240961870E+01
39  0.7243591972E+01 -0.5629165024E+01
40  0.6493591972E+01 -0.6928203106E+01
41  0.8743591972E+01 -0.3031088859E+01
42  0.8253880287E+01 -0.9592896608E+00
43  0.9868591972E+01 -0.6495190412E+00
44  0.9493591972E+01 -0.1732050776E+01
45  0.6900778936E+01 -0.1816258686E+01
46  0.7993591972E+01 -0.4330126941E+01
47  0.5270111644E+01 -0.4640657235E+01
48  0.6831549499E+01 -0.3659221418E+01
49 -0.3631408028E+01 -0.8443747535E+01
50 -0.2555782954E+01 -0.7200251531E+01
51 -0.1006408028E+01 -0.8660253882E+01
52 -0.2506408028E+01 -0.8660253882E+01
53  0.1993591972E+01 -0.8660253882E+01
54  0.3542966898E+01 -0.7200251531E+01
55  0.4618591972E+01 -0.8443747535E+01
56  0.3493591972E+01 -0.8660253882E+01
57  0.2124259264E+01 -0.6456915921E+01
58  0.4935919722E+00 -0.8660253882E+01
59 -0.1137075319E+01 -0.6456915921E+01
60  0.4935919722E+00 -0.7318442837E+01
61 -0.8881408028E+01 -0.6495190412E+00
62 -0.7266696342E+01 -0.9592896608E+00
63 -0.7756408028E+01 -0.3031088859E+01
64 -0.8506408028E+01 -0.1732050776E+01
65 -0.6256408028E+01 -0.5629165024E+01
66 -0.4217321416E+01 -0.6240961870E+01
67 -0.4756408028E+01 -0.7794228494E+01
68 -0.5506408028E+01 -0.6928203106E+01
69 -0.4282927699E+01 -0.4640657235E+01
70 -0.7006408028E+01 -0.4330126941E+01
71 -0.5913594992E+01 -0.1816258686E+01
72 -0.5844365554E+01 -0.3659221418E+01
73 -0.2556826324E+01  0.4913465273E+01
74 -0.1861864722E+01  0.3120480935E+01
75 -0.3739961795E+01  0.2949424839E+01
76 -0.2390903265E+01  0.3397414848E+01
77 -0.4177461795E+01  0.2191652625E+01
78 -0.3386552185E+01  0.4796448304E+00
79 -0.5286803000E+01  0.1850070534E+00
80 -0.3890903265E+01  0.7993386836E+00
81 -0.2710001510E+01  0.9081293428E+00
82 -0.3716152898E+01  0.2430497290E+01
83 -0.1894667864E+01  0.2320328617E+01
84 -0.2675386791E+01  0.1829610709E+01
85  0.3223568646E+01  0.5098472326E+01
86  0.2018279435E+01  0.3600125765E+01
87  0.9310919722E+00  0.5141077465E+01
88  0.1993591972E+01  0.4196753531E+01
89  0.5609197218E-01  0.5141077465E+01
90 -0.1031095491E+01  0.3600125765E+01
91 -0.2236384702E+01  0.5098472326E+01
92 -0.1006408028E+01  0.4196753531E+01
93 -0.3217416736E+00  0.3228457960E+01
94  0.4935919722E+00  0.4860994582E+01
95  0.1308925618E+01  0.3228457960E+01
96  0.4935919722E+00  0.3659221418E+01
97  0.6273986944E+01  0.1850070534E+00
98  0.4373736130E+01  0.4796448304E+00
99  0.5164645740E+01  0.2191652625E+01
100  0.4878087209E+01  0.7993386836E+00
101  0.4727145740E+01  0.2949424839E+01
102  0.2849048666E+01  0.3120480935E+01
103  0.3544010268E+01  0.4913465273E+01
104  0.3378087209E+01  0.3397414848E+01
105  0.2881851808E+01  0.2320328617E+01
106  0.4703336843E+01  0.2430497290E+01
107  0.3697185454E+01  0.9081293428E+00
108  0.3662570735E+01  0.1829610709E+01
109  0.3544010268E+01 -0.4913465273E+01
110  0.2849048666E+01 -0.3120480935E+01
111  0.4727145740E+01 -0.2949424839E+01
112  0.3378087209E+01 -0.3397414848E+01
113  0.5164645740E+01 -0.2191652625E+01
114  0.4373736130E+01 -0.4796448304E+00
115  0.6273986944E+01 -0.1850070534E+00
116  0.4878087209E+01 -0.7993386836E+00
117  0.3697185454E+01 -0.9081293428E+00
118  0.4703336843E+01 -0.2430497290E+01
119  0.2881851808E+01 -0.2320328617E+01
120  0.3662570735E+01 -0.1829610709E+01
121 -0.2236384702E+01 -0.5098472326E+01
122 -0.1031095491E+01 -0.3600125765E+01
123  0.5609197218E-01 -0.5141077465E+01
124 -0.1006408028E+01 -0.4196753531E+01
125  0.9310919722E+00 -0.5141077465E+01
126  0.2018279435E+01 -0.3600125765E+01
127  0.3223568646E+01 -0.5098472326E+01
128  0.1993591972E+01 -0.4196753531E+01
129  0.1308925618E+01 -0.3228457960E+01
130  0.4935919722E+00 -0.4860994582E+01
131 -0.3217416736E+00 -0.3228457960E+01
132  0.4935919722E+00 -0.3659221418E+01
133 -0.5286803000E+01 -0.1850070534E+00
134 -0.3386552185E+01 -0.4796448304E+00
135 -0.4177461795E+01 -0.2191652625E+01
136 -0.3890903265E+01 -0.7993386836E+00
137 -0.3739961795E+01 -0.2949424839E+01
138 -0.1861864722E+01 -0.3120480935E+01
139 -0.2556826324E+01 -0.4913465273E+01
140 -0.2390903265E+01 -0.3397414848E+01
141 -0.1894667864E+01 -0.2320328617E+01
142 -0.3716152898E+01 -0.2430497290E+01
143 -0.2710001510E+01 -0.9081293428E+00
144 -0.2675386791E+01 -0.1829610709E+01
145 -0.1031617176E+01  0.2456732636E+01
146 -0.6841363748E+00  0.1560240468E+01
147 -0.1623184912E+01  0.1474712420E+01
148 -0.9486556463E+00  0.1698707424E+01
149 -0.1841934912E+01  0.1095826312E+01
150 -0.1446480106E+01  0.2398224152E+00
151 -0.2396605514E+01  0.9250352672E-01
152 -0.1698655646E+01  0.3996693418E+00
153 -0.1108204769E+01  0.4540646714E+00
154 -0.1611280463E+01  0.1215248645E+01
155 -0.7005379457E+00  0.1160164309E+01
156 -0.1090897409E+01  0.9148053545E+00
157  0.1858580309E+01  0.2549236163E+01
158  0.1255935704E+01  0.1800062883E+01
159  0.7123419722E+00  0.2570538733E+01
160  0.1243591972E+01  0.2098376765E+01
161  0.2748419722E+00  0.2570538733E+01
162 -0.2687517594E+00  0.1800062883E+01
163 -0.8713963649E+00  0.2549236163E+01
164 -0.2564080278E+00  0.2098376765E+01
165  0.8592514928E-01  0.1614228980E+01
166  0.4935919722E+00  0.2430497291E+01
167  0.9012587951E+00  0.1614228980E+01
168  0.4935919722E+00  0.1829610709E+01
169  0.3383789458E+01  0.9250352672E-01
170  0.2433664051E+01  0.2398224152E+00
171  0.2829118856E+01  0.1095826312E+01
172  0.2685839591E+01  0.3996693418E+00
173  0.2610368856E+01  0.1474712420E+01
174  0.1671320319E+01  0.1560240468E+01
175  0.2018801120E+01  0.2456732636E+01
176  0.1935839591E+01  0.1698707424E+01
177  0.1687721890E+01  0.1160164309E+01
178  0.2598464407E+01  0.1215248645E+01
179  0.2095388713E+01  0.4540646714E+00
180  0.2078081354E+01  0.9148053545E+00
181  0.2018801120E+01 -0.2456732636E+01
182  0.1671320319E+01 -0.1560240468E+01
183  0.2610368856E+01 -0.1474712420E+01
184  0.1935839591E+01 -0.1698707424E+01
185  0.2829118856E+01 -0.1095826312E+01
186  0.2433664051E+01 -0.2398224152E+00
187  0.3383789458E+01 -0.9250352672E-01
188  0.2685839591E+01 -0.3996693418E+00
189  0.2095388713E+01 -0.4540646714E+00
190  0.2598464407E+01 -0.1215248645E+01
191  0.1687721890E+01 -0.1160164309E+01
192  0.2078081354E+01 -0.9148053545E+00
193 -0.8713963649E+00 -0.2549236163E+01
194 -0.2687517594E+00 -0.1800062883E+01
195  0.2748419722E+00 -0.2570538733E+01
196 -0.2564080278E+00 -0.2098376765E+01
197  0.7123419722E+00 -0.2570538733E+01
198  0.1255935704E+01 -0.1800062883E+01
199  0.1858580309E+01 -0.2549236163E+01
200  0.1243591972E+01 -0.2098376765E+01
201  0.9012587951E+00 -0.1614228980E+01
202  0.4935919722E+00 -0.2430497291E+01
203  0.8592514928E-01 -0.1614228980E+01
204  0.4935919722E+00 -0.1829610709E+01
205 -0.2396605514E+01 -0.9250352672E-01
206 -0.1446480106E+01 -0.2398224152E+00
207 -0.1841934912E+01 -0.1095826312E+01
208 -0.1698655646E+01 -0.3996693418E+00
209 -0.1623184912E+01 -0.1474712420E+01
210 -0.6841363748E+00 -0.1560240468E+01
211 -0.1031617176E+01 -0.2456732636E+01
212 -0.9486556463E+00 -0.1698707424E+01
213 -0.7005379457E+00 -0.1160164309E+01
214 -0.1611280463E+01 -0.1215248645E+01
215 -0.1108204769E+01 -0.4540646714E+00
216 -0.1090897409E+01 -0.9148053545E+00
217 -0.2690126018E+00  0.1228366318E+01
218 -0.8524143927E-01  0.8071144901E+00
219 -0.5935592829E+00  0.7520720436E+00
220 -0.2310237307E+00  0.8860851457E+00
221 -0.7095994377E+00  0.5788571512E+00
222 -0.9816358179E+00  0.4945733112E-01
223 -0.6540536680E+00  0.2077621521E+00
224 -0.5976739532E+00  0.6422707052E+00
225  0.1176086141E+01  0.1274618081E+01
226  0.8685919722E+00  0.9148053546E+00
227  0.6029669722E+00  0.1285269366E+01
228  0.8685919722E+00  0.1049188383E+01
229  0.3842169722E+00  0.1285269366E+01
230  0.1185919722E+00  0.9148053546E+00
231 -0.1889021964E+00  0.1274618081E+01
232  0.1185919722E+00  0.1049188383E+01
233  0.3060919722E+00  0.8184936288E+00
234  0.4935919722E+00  0.1215248645E+01
235  0.6810919722E+00  0.8184936288E+00
236  0.4935919722E+00  0.9148053546E+00
237  0.1968819762E+01  0.4945733112E-01
238  0.1696783382E+01  0.5788571512E+00
239  0.1641237612E+01  0.2077621521E+00
240  0.1580743227E+01  0.7520720436E+00
241  0.1072425384E+01  0.8071144901E+00
242  0.1256196546E+01  0.1228366318E+01
243  0.1218207675E+01  0.8860851457E+00
244  0.1584857898E+01  0.6422707052E+00
245  0.1256196546E+01 -0.1228366318E+01
246  0.1072425384E+01 -0.8071144901E+00
247  0.1580743227E+01 -0.7520720436E+00
248  0.1218207675E+01 -0.8860851457E+00
249  0.1696783382E+01 -0.5788571512E+00
250  0.1968819762E+01 -0.4945733112E-01
251  0.1641237612E+01 -0.2077621521E+00
252  0.1584857898E+01 -0.6422707052E+00
253 -0.1889021964E+00 -0.1274618081E+01
254  0.1185919722E+00 -0.9148053546E+00
255  0.3842169722E+00 -0.1285269366E+01
256  0.1185919722E+00 -0.1049188383E+01
257  0.6029669722E+00 -0.1285269366E+01
258  0.8685919722E+00 -0.9148053546E+00
259  0.1176086141E+01 -0.1274618081E+01
260  0.8685919722E+00 -0.1049188383E+01
261  0.6810919722E+00 -0.8184936288E+00
262  0.4935919722E+00 -0.1215248645E+01
263  0.3060919722E+00 -0.8184936288E+00
264  0.4935919722E+00 -0.9148053546E+00
265 -0.9816358179E+00 -0.4945733112E-01
266 -0.7095994377E+00 -0.5788571512E+00
267 -0.6540536680E+00 -0.2077621521E+00
268 -0.5935592829E+00 -0.7520720436E+00
269 -0.8524143927E-01 -0.8071144901E+00
270 -0.2690126018E+00 -0.1228366318E+01
271 -0.2310237307E+00 -0.8860851457E+00
272 -0.5976739532E+00 -0.6422707052E+00
273  0.1185919722E+00  0.6076243227E+00
274  0.2123419722E+00  0.4092468144E+00
275  0.1667526645E-01  0.4035572451E+00
276  0.1185919722E+00  0.4574026773E+00
277 -0.4652897488E+00  0.2739565781E+00
278 -0.3664260475E+00  0.5995560380E-01
279 -0.6039573993E+00  0.2312588168E-01
280 -0.4294699324E+00  0.9991733545E-01
281 -0.2818572131E+00  0.1135161678E+00
282 -0.4076261366E+00  0.3038121612E+00
283 -0.1799405073E+00  0.2900410772E+00
284 -0.2775303732E+00  0.2287013386E+00
285 -0.7199396071E-01  0.4500157207E+00
286 -0.2226551121E+00  0.6373090407E+00
287  0.6390447218E-01  0.6426346832E+00
288 -0.6890802782E-01  0.5245941914E+00
289 -0.2627103148E+00  0.6141831591E+00
290 -0.1758401146E+00  0.3900601169E+00
291 -0.4106022488E+00  0.3686781049E+00
292 -0.2419699324E+00  0.4246768560E+00
293  0.8139044722E+00  0.6426346832E+00
294  0.6810919722E+00  0.4574026773E+00
295  0.5482794722E+00  0.6426346832E+00
296  0.6810919722E+00  0.5245941914E+00
297  0.4389044722E+00  0.6426346832E+00
298  0.3060919722E+00  0.4574026773E+00
299  0.1732794722E+00  0.6426346832E+00
300  0.3060919722E+00  0.5245941914E+00
301  0.3998419722E+00  0.4092468144E+00
302  0.4935919722E+00  0.6076243227E+00
303  0.5873419722E+00  0.4092468144E+00
304  0.4935919722E+00  0.4574026773E+00
305  0.1591141344E+01  0.2312588168E-01
306  0.1353609992E+01  0.5995560380E-01
307  0.1452473693E+01  0.2739565781E+00
308  0.1416653877E+01  0.9991733545E-01
309  0.9705086779E+00  0.4035572451E+00
310  0.7748419722E+00  0.4092468144E+00
311  0.8685919722E+00  0.6076243227E+00
312  0.8685919722E+00  0.4574026773E+00
313  0.9232794722E+00  0.6426346832E+00
314  0.1209839056E+01  0.6373090407E+00
315  0.1059177905E+01  0.4500157207E+00
316  0.1056091972E+01  0.5245941914E+00
317  0.1167124452E+01  0.2900410772E+00
318  0.1394810081E+01  0.3038121612E+00
319  0.1269041157E+01  0.1135161678E+00
320  0.1264714318E+01  0.2287013386E+00
321  0.1397786193E+01  0.3686781049E+00
322  0.1163024059E+01  0.3900601169E+00
323  0.1249894259E+01  0.6141831591E+00
324  0.1229153877E+01  0.4246768560E+00
325  0.8685919722E+00 -0.6076243227E+00
326  0.7748419722E+00 -0.4092468144E+00
327  0.9705086779E+00 -0.4035572451E+00
328  0.8685919722E+00 -0.4574026773E+00
329  0.1452473693E+01 -0.2739565781E+00
330  0.1353609992E+01 -0.5995560380E-01
331  0.1591141344E+01 -0.2312588168E-01
332  0.1416653877E+01 -0.9991733545E-01
333  0.1269041157E+01 -0.1135161678E+00
334  0.1394810081E+01 -0.3038121612E+00
335  0.1167124452E+01 -0.2900410772E+00
336  0.1264714318E+01 -0.2287013386E+00
337  0.1059177905E+01 -0.4500157207E+00
338  0.1209839056E+01 -0.6373090407E+00
339  0.9232794722E+00 -0.6426346832E+00
340  0.1056091972E+01 -0.5245941914E+00
341  0.1249894259E+01 -0.6141831591E+00
342  0.1163024059E+01 -0.3900601169E+00
343  0.1397786193E+01 -0.3686781049E+00
344  0.1229153877E+01 -0.4246768560E+00
345  0.1732794722E+00 -0.6426346832E+00
346  0.3060919722E+00 -0.4574026773E+00
347  0.4389044722E+00 -0.6426346832E+00
348  0.3060919722E+00 -0.5245941914E+00
349  0.5482794722E+00 -0.6426346832E+00
350  0.6810919722E+00 -0.4574026773E+00
351  0.8139044722E+00 -0.6426346832E+00
352  0.6810919722E+00 -0.5245941914E+00
353  0.5873419722E+00 -0.4092468144E+00
354  0.4935919722E+00 -0.6076243227E+00
355  0.3998419722E+00 -0.4092468144E+00
356  0.4935919722E+00 -0.4574026773E+00
357 -0.6039573993E+00 -0.2312588168E-01
358 -0.3664260475E+00 -0.5995560380E-01
359 -0.4652897488E+00 -0.2739565781E+00
360 -0.4294699324E+00 -0.9991733545E-01
361  0.1667526645E-01 -0.4035572451E+00
362  0.2123419722E+00 -0.4092468144E+00
363  0.1185919722E+00 -0.6076243227E+00
364  0.1185919722E+00 -0.4574026773E+00
365  0.6390447218E-01 -0.6426346832E+00
366 -0.2226551121E+00 -0.6373090407E+00
367 -0.7199396071E-01 -0.4500157207E+00
368 -0.6890802782E-01 -0.5245941914E+00
369 -0.1799405073E+00 -0.2900410772E+00
370 -0.4076261366E+00 -0.3038121612E+00
371 -0.2818572131E+00 -0.1135161678E+00
372 -0.2775303732E+00 -0.2287013386E+00
373 -0.4106022488E+00 -0.3686781049E+00
374 -0.1758401146E+00 -0.3900601169E+00
375 -0.2627103148E+00 -0.6141831591E+00
376 -0.2419699324E+00 -0.4246768560E+00
377  0.3060919722E+00  0.3038121613E+00
378  0.3529669722E+00  0.2046234072E+00
379  0.2592169722E+00  0.2046234072E+00
380  0.3060919722E+00  0.2287013386E+00
381 -0.7205917133E-01  0.3070915796E+00
382 -0.2611638069E-01  0.2017786225E+00
383 -0.1531958416E+00  0.1880180109E+00
384 -0.6256195355E-01  0.2215212864E+00
385 -0.1822058803E+00  0.1447142878E+00
386 -0.2502149754E+00  0.1236433278E-01
387 -0.1683194379E+00  0.5194053801E-01
388 -0.1542245092E+00  0.1605676763E+00
389  0.2484197218E-01  0.2287013386E+00
390 -0.5203156996E-01  0.3186545204E+00
391  0.9124822218E-01  0.3213173416E+00
392  0.2484197218E-01  0.2622970957E+00
393  0.2123419722E+00  0.2287013386E+00
394  0.1459357222E+00  0.3213173416E+00
395  0.2787482222E+00  0.3213173416E+00
396  0.2123419722E+00  0.2622970957E+00
397  0.1185919722E+00  0.3038121613E+00
398  0.1654669722E+00  0.2046234072E+00
399  0.7171697218E-01  0.2046234072E+00
400  0.1185919722E+00  0.2287013386E+00
401  0.6537482222E+00  0.3213173416E+00
402  0.5873419722E+00  0.2287013386E+00
403  0.5209357222E+00  0.3213173416E+00
404  0.5873419722E+00  0.2622970957E+00
405  0.4662482222E+00  0.3213173416E+00
406  0.3998419722E+00  0.2287013386E+00
407  0.3334357222E+00  0.3213173416E+00
408  0.3998419722E+00  0.2622970957E+00
409  0.4467169722E+00  0.2046234072E+00
410  0.4935919722E+00  0.3038121613E+00
411  0.5404669722E+00  0.2046234072E+00
412  0.4935919722E+00  0.2287013386E+00
413  0.1237398920E+01  0.1236433278E-01
414  0.1169389825E+01  0.1447142878E+00
415  0.1155503382E+01  0.5194053801E-01
416  0.1140379786E+01  0.1880180109E+00
417  0.1013300325E+01  0.2017786225E+00
418  0.1059243116E+01  0.3070915796E+00
419  0.1049745898E+01  0.2215212864E+00
420  0.1141408454E+01  0.1605676763E+00
421  0.7279669722E+00  0.2046234072E+00
422  0.6342169722E+00  0.2046234072E+00
423  0.6810919722E+00  0.3038121613E+00
424  0.6810919722E+00  0.2287013386E+00
425  0.7084357222E+00  0.3213173416E+00
426  0.8412482222E+00  0.3213173416E+00
427  0.7748419722E+00  0.2287013386E+00
428  0.7748419722E+00  0.2622970957E+00
429  0.8959357222E+00  0.3213173416E+00
430  0.1039215514E+01  0.3186545204E+00
431  0.9623419722E+00  0.2287013386E+00
432  0.9623419722E+00  0.2622970957E+00
433  0.9154669722E+00  0.2046234072E+00
434  0.8217169722E+00  0.2046234072E+00
435  0.8685919722E+00  0.3038121613E+00
436  0.8685919722E+00  0.2287013386E+00
437  0.6810919722E+00 -0.3038121613E+00
438  0.6342169722E+00 -0.2046234072E+00
439  0.7279669722E+00 -0.2046234072E+00
440  0.6810919722E+00 -0.2287013386E+00
441  0.1059243116E+01 -0.3070915796E+00
442  0.1013300325E+01 -0.2017786225E+00
443  0.1140379786E+01 -0.1880180109E+00
444  0.1049745898E+01 -0.2215212864E+00
445  0.1169389825E+01 -0.1447142878E+00
446  0.1237398920E+01 -0.1236433278E-01
447  0.1155503382E+01 -0.5194053801E-01
448  0.1141408454E+01 -0.1605676763E+00
449  0.9623419722E+00 -0.2287013386E+00
450  0.1039215514E+01 -0.3186545204E+00
451  0.8959357222E+00 -0.3213173416E+00
452  0.9623419722E+00 -0.2622970957E+00
453  0.7748419722E+00 -0.2287013386E+00
454  0.8412482222E+00 -0.3213173416E+00
455  0.7084357222E+00 -0.3213173416E+00
456  0.7748419722E+00 -0.2622970957E+00
457  0.8685919722E+00 -0.3038121613E+00
458  0.8217169722E+00 -0.2046234072E+00
459  0.9154669722E+00 -0.2046234072E+00
460  0.8685919722E+00 -0.2287013386E+00
461  0.3334357222E+00 -0.3213173416E+00
462  0.3998419722E+00 -0.2287013386E+00
463  0.4662482222E+00 -0.3213173416E+00
464  0.3998419722E+00 -0.2622970957E+00
465  0.5209357222E+00 -0.3213173416E+00
466  0.5873419722E+00 -0.2287013386E+00
467  0.6537482222E+00 -0.3213173416E+00
468  0.5873419722E+00 -0.2622970957E+00
469  0.5404669722E+00 -0.2046234072E+00
470  0.4935919722E+00 -0.3038121613E+00
471  0.4467169722E+00 -0.2046234072E+00
472  0.4935919722E+00 -0.2287013386E+00
473 -0.2502149754E+00 -0.1236433278E-01
474 -0.1822058803E+00 -0.1447142878E+00
475 -0.1683194379E+00 -0.5194053801E-01
476 -0.1531958416E+00 -0.1880180109E+00
477 -0.2611638069E-01 -0.2017786225E+00
478 -0.7205917133E-01 -0.3070915796E+00
479 -0.6256195355E-01 -0.2215212864E+00
480 -0.1542245092E+00 -0.1605676763E+00
481  0.2592169722E+00 -0.2046234072E+00
482  0.3529669722E+00 -0.2046234072E+00
483  0.3060919722E+00 -0.3038121613E+00
484  0.3060919722E+00 -0.2287013386E+00
485  0.2787482222E+00 -0.3213173416E+00
486  0.1459357222E+00 -0.3213173416E+00
487  0.2123419722E+00 -0.2287013386E+00
488  0.2123419722E+00 -0.2622970957E+00
489  0.9124822218E-01 -0.3213173416E+00
490 -0.5203156996E-01 -0.3186545204E+00
491  0.2484197218E-01 -0.2287013386E+00
492  0.2484197218E-01 -0.2622970957E+00
493  0.7171697218E-01 -0.2046234072E+00
494  0.1654669722E+00 -0.2046234072E+00
495  0.1185919722E+00 -0.3038121613E+00
496  0.1185919722E+00 -0.2287013386E+00
497  0.3998419722E+00  0.1519060807E+00
498  0.4233664976E+00  0.9502575530E-01
499  0.3764997679E+00  0.9530601679E-01
500  0.3998439058E+00  0.1085406381E+00
501  0.3764044722E+00  0.6765823346E-01
502  0.4232794722E+00  0.6765823346E-01
503  0.2123419722E+00  0.1519060807E+00
504  0.2356685646E+00  0.9532511506E-01
505  0.1887974850E+00  0.9497167803E-01
506  0.2123394842E+00  0.1085394869E+00
507  0.1889044722E+00  0.6765823346E-01
508  0.2357794722E+00  0.6765823346E-01
509  0.2826544722E+00  0.6765823346E-01
510  0.3295294722E+00  0.6765823346E-01
511  0.2592150070E+00  0.1087532194E+00
512  0.2260138472E+00  0.1606586708E+00
513  0.2924200972E+00  0.1606586708E+00
514  0.2592169722E+00  0.1311485478E+00
515  0.3529690023E+00  0.1087247252E+00
516  0.3197638472E+00  0.1606586708E+00
517  0.3861700972E+00  0.1606586708E+00
518  0.3529669722E+00  0.1311485478E+00
519  0.3060919722E+00  0.1519060807E+00
520  0.3295784131E+00  0.9550387559E-01
521  0.2826211542E+00  0.9552425418E-01
522  0.3060923011E+00  0.1088142909E+00
523  0.2484197218E-01  0.1519060807E+00
524  0.4827947218E-01  0.9472152684E-01
525  0.1404472175E-02  0.9472152684E-01
526  0.2484197218E-01  0.1082531735E+00
527  0.7171697218E-01  0.5412658677E-01
528 -0.2203302782E-01  0.5412658677E-01
529  0.1404472175E-02  0.1353164669E-01
530 -0.4547052782E-01  0.1353164669E-01
531 -0.2203302782E-01  0.2706329338E-01
532  0.2484197218E-01  0.2706329338E-01
533  0.1404472175E-02  0.6765823346E-01
534  0.4827947218E-01  0.6765823346E-01
535  0.2484197218E-01  0.5412658677E-01
536 -0.1211284581E+00  0.6848914452E-01
537 -0.9234552782E-01  0.1353164669E-01
538 -0.1557953707E+00  0.5781470420E-02
539 -0.1121735040E+00  0.2497933386E-01
540 -0.6890802782E-01  0.2706329338E-01
541 -0.1067125550E+00  0.7595304031E-01
542 -0.4547052782E-01  0.6765823346E-01
543 -0.6890802782E-01  0.5412658677E-01
544 -0.2203302782E-01  0.1082531735E+00
545 -0.6046979889E-01  0.1593272602E+00
546  0.1117009718E-01  0.1606586708E+00
547 -0.2203302782E-01  0.1311485478E+00
548 -0.7048359958E-01  0.1535457898E+00
549 -0.4547052782E-01  0.9472152684E-01
550 -0.1074565831E+00  0.9216952623E-01
551 -0.6529850398E-01  0.1061692140E+00
552  0.9515447218E-01  0.6765823346E-01
553  0.1420294722E+00  0.6765823346E-01
554  0.1185919722E+00  0.5412658677E-01
555  0.7171697218E-01  0.1082531735E+00
556  0.3851384718E-01  0.1606586708E+00
557  0.1049200972E+00  0.1606586708E+00
558  0.7171697218E-01  0.1311485478E+00
559  0.1654668152E+00  0.1082817555E+00
560  0.1322638472E+00  0.1606586708E+00
561  0.1986700972E+00  0.1606586708E+00
562  0.1654669722E+00  0.1311485478E+00
563  0.1185919722E+00  0.1519060807E+00
564  0.1420252769E+00  0.9474777728E-01
565  0.9515447218E-01  0.9472152684E-01
566  0.1185919722E+00  0.1082531735E+00
567  0.5736700972E+00  0.1606586708E+00
568  0.5404669722E+00  0.1082531735E+00
569  0.5072638472E+00  0.1606586708E+00
570  0.5404669722E+00  0.1311485478E+00
571  0.5170294722E+00  0.6765823346E-01
572  0.4701544722E+00  0.6765823346E-01
573  0.4935919722E+00  0.5412658677E-01
574  0.4799200972E+00  0.1606586708E+00
575  0.4467175515E+00  0.1083459523E+00
576  0.4135138472E+00  0.1606586708E+00
577  0.4467169722E+00  0.1311485478E+00
578  0.4701791464E+00  0.9480039440E-01
579  0.4935919722E+00  0.1519060807E+00
580  0.5170294722E+00  0.9472152684E-01
581  0.4935919722E+00  0.1082531735E+00
582  0.1142979315E+01  0.5781470420E-02
583  0.1079529472E+01  0.1353164669E-01
584  0.1108312402E+01  0.6848914452E-01
585  0.1099357448E+01  0.2497933386E-01
586  0.1032654472E+01  0.1353164669E-01
587  0.9857794722E+00  0.1353164669E-01
588  0.1009216972E+01  0.5412658677E-01
589  0.1009216972E+01  0.2706329338E-01
590  0.9389044722E+00  0.1353164669E-01
591  0.9154669722E+00  0.5412658677E-01
592  0.9154669722E+00  0.2706329338E-01
593  0.9857794722E+00  0.9472152684E-01
594  0.9389044722E+00  0.9472152684E-01
595  0.9623419722E+00  0.1519060807E+00
596  0.9623419722E+00  0.1082531735E+00
597  0.9389044722E+00  0.6765823346E-01
598  0.9857794722E+00  0.6765823346E-01
599  0.9623419722E+00  0.2706329338E-01
600  0.9623419722E+00  0.5412658677E-01
601  0.9760138472E+00  0.1606586708E+00
602  0.1047653743E+01  0.1593272602E+00
603  0.1009216972E+01  0.1082531735E+00
604  0.1009216972E+01  0.1311485478E+00
605  0.1032654472E+01  0.6765823346E-01
606  0.1093896499E+01  0.7595304031E-01
607  0.1056091972E+01  0.2706329338E-01
608  0.1056091972E+01  0.5412658677E-01
609  0.1094640527E+01  0.9216952623E-01
610  0.1032654472E+01  0.9472152684E-01
611  0.1057667544E+01  0.1535457898E+00
612  0.1052482448E+01  0.1061692140E+00
613  0.8217169722E+00  0.5412658677E-01
614  0.8217169722E+00  0.2706329338E-01
615  0.7279669722E+00  0.5412658677E-01
616  0.7982794722E+00  0.9472152684E-01
617  0.7514044722E+00  0.9472152684E-01
618  0.7748419722E+00  0.1519060807E+00
619  0.7748419722E+00  0.1082531735E+00
620  0.7514044722E+00  0.6765823346E-01
621  0.7982794722E+00  0.6765823346E-01
622  0.7748419722E+00  0.5412658677E-01
623  0.6342169722E+00  0.5412658677E-01
624  0.5404669722E+00  0.5412658677E-01
625  0.6107794722E+00  0.9472152684E-01
626  0.5639044722E+00  0.9472152684E-01
627  0.5873419722E+00  0.1519060807E+00
628  0.5873419722E+00  0.1082531735E+00
629  0.5639044722E+00  0.6765823346E-01
630  0.6107794722E+00  0.6765823346E-01
631  0.5873419722E+00  0.5412658677E-01
632  0.6010138472E+00  0.1606586708E+00
633  0.6674200972E+00  0.1606586708E+00
634  0.6342169722E+00  0.1082531735E+00
635  0.6342169722E+00  0.1311485478E+00
636  0.6947638472E+00  0.1606586708E+00
637  0.7611700972E+00  0.1606586708E+00
638  0.7279669722E+00  0.1082531735E+00
639  0.7279669722E+00  0.1311485478E+00
640  0.6576544722E+00  0.6765823346E-01
641  0.7045294722E+00  0.6765823346E-01
642  0.6810919722E+00  0.5412658677E-01
643  0.7045294722E+00  0.9472152684E-01
644  0.6576544722E+00  0.9472152684E-01
645  0.6810919722E+00  0.1519060807E+00
646  0.6810919722E+00  0.1082531735E+00
647  0.7885138472E+00  0.1606586708E+00
648  0.8549200972E+00  0.1606586708E+00
649  0.8217169722E+00  0.1082531735E+00
650  0.8217169722E+00  0.1311485478E+00
651  0.8822638472E+00  0.1606586708E+00
652  0.9486700972E+00  0.1606586708E+00
653  0.9154669722E+00  0.1082531735E+00
654  0.9154669722E+00  0.1311485478E+00
655  0.8451544722E+00  0.6765823346E-01
656  0.8920294722E+00  0.6765823346E-01
657  0.8685919722E+00  0.2706329338E-01
658  0.8685919722E+00  0.5412658677E-01
659  0.8920294722E+00  0.9472152684E-01
660  0.8451544722E+00  0.9472152684E-01
661  0.8685919722E+00  0.1519060807E+00
662  0.8685919722E+00  0.1082531735E+00
663  0.5873419722E+00 -0.1519060807E+00
664  0.5639044722E+00 -0.9472152684E-01
665  0.6107794722E+00 -0.9472152684E-01
666  0.5873419722E+00 -0.1082531735E+00
667  0.5404669722E+00 -0.5412658677E-01
668  0.6342169722E+00 -0.5412658677E-01
669  0.6107794722E+00 -0.6765823346E-01
670  0.5639044722E+00 -0.6765823346E-01
671  0.5873419722E+00 -0.5412658677E-01
672  0.7748419722E+00 -0.1519060807E+00
673  0.7514044722E+00 -0.9472152684E-01
674  0.7982794722E+00 -0.9472152684E-01
675  0.7748419722E+00 -0.1082531735E+00
676  0.7279669722E+00 -0.5412658677E-01
677  0.8217169722E+00 -0.5412658677E-01
678  0.8217169722E+00 -0.2706329338E-01
679  0.7982794722E+00 -0.6765823346E-01
680  0.7514044722E+00 -0.6765823346E-01
681  0.7748419722E+00 -0.5412658677E-01
682  0.7045294722E+00 -0.6765823346E-01
683  0.6576544722E+00 -0.6765823346E-01
684  0.6810919722E+00 -0.5412658677E-01
685  0.7279669722E+00 -0.1082531735E+00
686  0.7611700972E+00 -0.1606586708E+00
687  0.6947638472E+00 -0.1606586708E+00
688  0.7279669722E+00 -0.1311485478E+00
689  0.6342169722E+00 -0.1082531735E+00
690  0.6674200972E+00 -0.1606586708E+00
691  0.6010138472E+00 -0.1606586708E+00
692  0.6342169722E+00 -0.1311485478E+00
693  0.6810919722E+00 -0.1519060807E+00
694  0.6576544722E+00 -0.9472152684E-01
695  0.7045294722E+00 -0.9472152684E-01
696  0.6810919722E+00 -0.1082531735E+00
697  0.9623419722E+00 -0.1519060807E+00
698  0.9389044722E+00 -0.9472152684E-01
699  0.9857794722E+00 -0.9472152684E-01
700  0.9623419722E+00 -0.1082531735E+00
701  0.9154669722E+00 -0.5412658677E-01
702  0.9389044722E+00 -0.1353164669E-01
703  0.9154669722E+00 -0.2706329338E-01
704  0.1009216972E+01 -0.5412658677E-01
705  0.9857794722E+00 -0.1353164669E-01
706  0.1032654472E+01 -0.1353164669E-01
707  0.1009216972E+01 -0.2706329338E-01
708  0.9623419722E+00 -0.2706329338E-01
709  0.9857794722E+00 -0.6765823346E-01
710  0.9389044722E+00 -0.6765823346E-01
711  0.9623419722E+00 -0.5412658677E-01
712  0.1108312402E+01 -0.6848914452E-01
713  0.1079529472E+01 -0.1353164669E-01
714  0.1142979315E+01 -0.5781470420E-02
715  0.1099357448E+01 -0.2497933386E-01
716  0.1056091972E+01 -0.2706329338E-01
717  0.1093896499E+01 -0.7595304031E-01
718  0.1032654472E+01 -0.6765823346E-01
719  0.1056091972E+01 -0.5412658677E-01
720  0.1009216972E+01 -0.1082531735E+00
721  0.1047653743E+01 -0.1593272602E+00
722  0.9760138472E+00 -0.1606586708E+00
723  0.1009216972E+01 -0.1311485478E+00
724  0.1057667544E+01 -0.1535457898E+00
725  0.1032654472E+01 -0.9472152684E-01
726  0.1094640527E+01 -0.9216952623E-01
727  0.1052482448E+01 -0.1061692140E+00
728  0.8685919722E+00 -0.2706329338E-01
729  0.8920294722E+00 -0.6765823346E-01
730  0.8451544722E+00 -0.6765823346E-01
731  0.8685919722E+00 -0.5412658677E-01
732  0.9154669722E+00 -0.1082531735E+00
733  0.9486700972E+00 -0.1606586708E+00
734  0.8822638472E+00 -0.1606586708E+00
735  0.9154669722E+00 -0.1311485478E+00
736  0.8217169722E+00 -0.1082531735E+00
737  0.8549200972E+00 -0.1606586708E+00
738  0.7885138472E+00 -0.1606586708E+00
739  0.8217169722E+00 -0.1311485478E+00
740  0.8685919722E+00 -0.1519060807E+00
741  0.8451544722E+00 -0.9472152684E-01
742  0.8920294722E+00 -0.9472152684E-01
743  0.8685919722E+00 -0.1082531735E+00
744  0.4135138472E+00 -0.1606586708E+00
745  0.4467175515E+00 -0.1083459523E+00
746  0.4799200972E+00 -0.1606586708E+00
747  0.4467169722E+00 -0.1311485478E+00
748  0.4701544722E+00 -0.6765823346E-01
749  0.5170294722E+00 -0.6765823346E-01
750  0.4935919722E+00 -0.5412658677E-01
751  0.5072638472E+00 -0.1606586708E+00
752  0.5404669722E+00 -0.1082531735E+00
753  0.5736700972E+00 -0.1606586708E+00
754  0.5404669722E+00 -0.1311485478E+00
755  0.5170294722E+00 -0.9472152684E-01
756  0.4935919722E+00 -0.1519060807E+00
757  0.4701791464E+00 -0.9480039440E-01
758  0.4935919722E+00 -0.1082531735E+00
759 -0.1557953707E+00 -0.5781470420E-02
760 -0.9234552782E-01 -0.1353164669E-01
761 -0.1211284581E+00 -0.6848914452E-01
762 -0.1121735040E+00 -0.2497933386E-01
763 -0.4547052782E-01 -0.1353164669E-01
764  0.1404472175E-02 -0.1353164669E-01
765 -0.2203302782E-01 -0.5412658677E-01
766 -0.2203302782E-01 -0.2706329338E-01
767  0.7171697218E-01 -0.5412658677E-01
768  0.1404472175E-02 -0.9472152684E-01
769  0.4827947218E-01 -0.9472152684E-01
770  0.2484197218E-01 -0.1519060807E+00
771  0.2484197218E-01 -0.1082531735E+00
772  0.4827947218E-01 -0.6765823346E-01
773  0.1404472175E-02 -0.6765823346E-01
774  0.2484197218E-01 -0.2706329338E-01
775  0.2484197218E-01 -0.5412658677E-01
776  0.1117009718E-01 -0.1606586708E+00
777 -0.6046979889E-01 -0.1593272602E+00
778 -0.2203302782E-01 -0.1082531735E+00
779 -0.2203302782E-01 -0.1311485478E+00
780 -0.4547052782E-01 -0.6765823346E-01
781 -0.1067125550E+00 -0.7595304031E-01
782 -0.6890802782E-01 -0.2706329338E-01
783 -0.6890802782E-01 -0.5412658677E-01
784 -0.1074565831E+00 -0.9216952623E-01
785 -0.4547052782E-01 -0.9472152684E-01
786 -0.7048359958E-01 -0.1535457898E+00
787 -0.6529850398E-01 -0.1061692140E+00
788  0.1887974850E+00 -0.9497167803E-01
789  0.2356685646E+00 -0.9532511506E-01
790  0.2123419722E+00 -0.1519060807E+00
791  0.2123394842E+00 -0.1085394869E+00
792  0.2357794722E+00 -0.6765823346E-01
793  0.1889044722E+00 -0.6765823346E-01
794  0.3764997679E+00 -0.9530601679E-01
795  0.4233664976E+00 -0.9502575530E-01
796  0.3998419722E+00 -0.1519060807E+00
797  0.3998439058E+00 -0.1085406381E+00
798  0.4232794722E+00 -0.6765823346E-01
799  0.3764044722E+00 -0.6765823346E-01
800  0.3861700972E+00 -0.1606586708E+00
801  0.3197638472E+00 -0.1606586708E+00
802  0.3529690023E+00 -0.1087247252E+00
803  0.3529669722E+00 -0.1311485478E+00
804  0.2924200972E+00 -0.1606586708E+00
805  0.2260138472E+00 -0.1606586708E+00
806  0.2592150070E+00 -0.1087532194E+00
807  0.2592169722E+00 -0.1311485478E+00
808  0.3295294722E+00 -0.6765823346E-01
809  0.2826544722E+00 -0.6765823346E-01
810  0.2826211542E+00 -0.9552425418E-01
811  0.3295784131E+00 -0.9550387559E-01
812  0.3060919722E+00 -0.1519060807E+00
813  0.3060923011E+00 -0.1088142909E+00
814  0.1986700972E+00 -0.1606586708E+00
815  0.1322638472E+00 -0.1606586708E+00
816  0.1654668152E+00 -0.1082817555E+00
817  0.1654669722E+00 -0.1311485478E+00
818  0.1049200972E+00 -0.1606586708E+00
819  0.3851384718E-01 -0.1606586708E+00
820  0.7171697218E-01 -0.1082531735E+00
821  0.7171697218E-01 -0.1311485478E+00
822  0.1420294722E+00 -0.6765823346E-01
823  0.9515447218E-01 -0.6765823346E-01
824  0.1185919722E+00 -0.5412658677E-01
825  0.9515447218E-01 -0.9472152684E-01
826  0.1420252769E+00 -0.9474777728E-01
827  0.1185919722E+00 -0.1519060807E+00
828  0.1185919722E+00 -0.1082531735E+00
829  0.1000000000E+01  0.1260000000E-02
830  0.9994160000E+00  0.1342000000E-02
831  0.9976660000E+00  0.1587000000E-02
832  0.9947530000E+00  0.1994000000E-02
833  0.9906850000E+00  0.2560000000E-02
834  0.9854710000E+00  0.3280000000E-02
835  0.9791230000E+00  0.4152000000E-02
836  0.9716560000E+00  0.5169000000E-02
837  0.9630870000E+00  0.6324000000E-02
838  0.9534370000E+00  0.7611000000E-02
839  0.9427280000E+00  0.9022000000E-02
840  0.9309850000E+00  0.1054900000E-01
841  0.9182350000E+00  0.1218200000E-01
842  0.9045090000E+00  0.1391400000E-01
843  0.8898370000E+00  0.1573500000E-01
844  0.8742550000E+00  0.1763500000E-01
845  0.8578000000E+00  0.1960500000E-01
846  0.8405080000E+00  0.2163500000E-01
847  0.8224210000E+00  0.2371400000E-01
848  0.8035810000E+00  0.2583400000E-01
849  0.7840320000E+00  0.2798300000E-01
850  0.7638200000E+00  0.3015200000E-01
851  0.7429920000E+00  0.3232900000E-01
852  0.7215960000E+00  0.3450600000E-01
853  0.6996820000E+00  0.3667000000E-01
854  0.6773030000E+00  0.3881100000E-01
855  0.6545090000E+00  0.4091700000E-01
856  0.6313540000E+00  0.4297800000E-01
857  0.6078920000E+00  0.4498000000E-01
858  0.5841790000E+00  0.4691200000E-01
859  0.5602680000E+00  0.4876200000E-01
860  0.5362170000E+00  0.5051600000E-01
861  0.5120820000E+00  0.5216200000E-01
862  0.4879180000E+00  0.5368700000E-01
863  0.4637830000E+00  0.5507700000E-01
864  0.4397320000E+00  0.5632000000E-01
865  0.4158220000E+00  0.5740300000E-01
866  0.3921080000E+00  0.5831400000E-01
867  0.3686460000E+00  0.5904200000E-01
868  0.3454920000E+00  0.5957500000E-01
869  0.3226980000E+00  0.5990300000E-01
870  0.3003180000E+00  0.6001700000E-01
871  0.2784040000E+00  0.5991000000E-01
872  0.2570080000E+00  0.5957600000E-01
873  0.2361800000E+00  0.5900800000E-01
874  0.2159680000E+00  0.5820500000E-01
875  0.1964190000E+00  0.5716400000E-01
876  0.1775790000E+00  0.5588600000E-01
877  0.1594920000E+00  0.5437200000E-01
878  0.1422010000E+00  0.5262500000E-01
879  0.1257450000E+00  0.5065100000E-01
880  0.1101630000E+00  0.4845700000E-01
881  0.9549200000E-01  0.4604900000E-01
882  0.8176500000E-01  0.4343700000E-01
883  0.6901500000E-01  0.4063100000E-01
884  0.5727200000E-01  0.3764100000E-01
885  0.4656300000E-01  0.3447900000E-01
886  0.3691300000E-01  0.3115600000E-01
887  0.2834400000E-01  0.2768300000E-01
888  0.2087700000E-01  0.2407100000E-01
889  0.1452900000E-01  0.2033000000E-01
890  0.9315000000E-02  0.1647100000E-01
891  0.5247000000E-02  0.1250100000E-01
892  0.2334000000E-02  0.8429000000E-02
893  0.5840000000E-03  0.4260000000E-02
894  0.0000000000E+00  0.0000000000E+00
895  0.5840000000E-03 -0.4260000000E-02
896  0.2334000000E-02 -0.8429000000E-02
897  0.5247000000E-02 -0.1250100000E-01
898  0.9315000000E-02 -0.1647100000E-01
899  0.1452900000E-01 -0.2033000000E-01
900  0.2087700000E-01 -0.2407100000E-01
901  0.2834400000E-01 -0.2768300000E-01
902  0.3691300000E-01 -0.3115600000E-01
903  0.4656300000E-01 -0.3447900000E-01
904  0.5727200000E-01 -0.3764100000E-01
905  0.6901500000E-01 -0.4063100000E-01
906  0.8176500000E-01 -0.4343700000E-01
907  0.9549200000E-01 -0.4604900000E-01
908  0.1101630000E+00 -0.4845700000E-01
909  0.1257450000E+00 -0.5065100000E-01
910  0.1422010000E+00 -0.5262500000E-01
911  0.1594920000E+00 -0.5437200000E-01
912  0.1775790000E+00 -0.5588600000E-01
913  0.1964190000E+00 -0.5716400000E-01
914  0.2159680000E+00 -0.5820500000E-01
915  0.2361800000E+00 -0.5900800000E-01
916  0.2570080000E+00 -0.5957600000E-01
917  0.2784040000E+00 -0.5991000000E-01
918  0.3003180000E+00 -0.6001700000E-01
919  0.3226980000E+00 -0.5990300000E-01
920  0.3454920000E+00 -0.5957500000E-01
921  0.3686460000E+00 -0.5904200000E-01
922  0.3921080000E+00 -0.5831400000E-01
923  0.4158220000E+00 -0.5740300000E-01
924  0.4397320000E+00 -0.5632000000E-01
925  0.4637830000E+00 -0.5507700000E-01
926  0.4879180000E+00 -0.5368700000E-01
927  0.5120820000E+00 -0.5216200000E-01
928  0.5362170000E+00 -0.5051600000E-01
929  0.5602680000E+00 -0.4876200000E-01
930  0.5841790000E+00 -0.4691200000E-01
931  0.6078920000E+00 -0.4498000000E-01
932  0.6313540000E+00 -0.4297800000E-01
933  0.6545090000E+00 -0.4091700000E-01
934  0.6773030000E+00 -0.3881100000E-01
935  0.6996820000E+00 -0.3667000000E-01
936  0.7215960000E+00 -0.3450600000E-01
937  0.7429920000E+00 -0.3232900000E-01
938  0.7638200000E+00 -0.3015200000E-01
939  0.7840320000E+00 -0.2798300000E-01
940  0.8035810000E+00 -0.2583400000E-01
941  0.8224210000E+00 -0.2371400000E-01
942  0.8405080000E+00 -0.2163500000E-01
943  0.8578000000E+00 -0.1960500000E-01
944  0.8742550000E+00 -0.1763500000E-01
945  0.8898370000E+00 -0.1573500000E-01
946  0.9045090000E+00 -0.1391400000E-01
947  0.9182350000E+00 -0.1218200000E-01
948  0.9309850000E+00 -0.1054900000E-01
949  0.9427280000E+00 -0.9022000000E-02
950  0.9534370000E+00 -0.7611000000E-02
951  0.9630870000E+00 -0.6324000000E-02
952  0.9716560000E+00 -0.5169000000E-02
953  0.9791230000E+00 -0.4152000000E-02
954  0.9854710000E+00 -0.3280000000E-02
955  0.9906850000E+00 -0.2560000000E-02
956  0.9947530000E+00 -0.1994000000E-02
957  0.9976660000E+00 -0.1587000000E-02
958  0.9994160000E+00 -0.1342000000E-02
959  0.1000000000E+01 -0.1260000000E-02
960  0.4496300461E+00  0.5580845074E-01
961  0.4432310922E+00  0.5613916047E-01
962  0.3617554537E+00  0.5920061886E-01
963  0.3434798942E+00  0.5960395370E-01
964  0.3926234574E+00  0.5829419812E-01
965  0.4061597967E+00  0.5777418441E-01
966  0.2689793133E+00  0.5976287692E-01
967  0.2501044010E+00  0.5938773208E-01
968  0.1669772870E+00  0.5499856739E-01
969  0.1643391456E+00  0.5477773774E-01
970  0.2061806690E+00  0.5768381674E-01
971  0.2196600502E+00  0.5835168100E-01
972  0.2959266155E+00  0.5999555808E-01
973  0.3161547433E+00  0.5993633026E-01
974  0.7171697218E-01  0.4122564580E-01
975  0.2585445481E-01  0.2647873627E-01
976  0.1404472175E-02  0.6214599142E-02
977  0.1404472175E-02 -0.6214599142E-02
978  0.1185919722E+00  0.4964382871E-01
979  0.4935919722E+00  0.5332891328E-01
980  0.9857794722E+00  0.3237403152E-02
981  0.9857794722E+00 -0.3237403152E-02
982  0.9389044722E+00  0.9519192113E-02
983  0.9389044722E+00 -0.9519192113E-02
984  0.8877783731E+00  0.1598601984E-01
985  0.8947826232E+00  0.1512117913E-01
986  0.8287851559E+00  0.2298247570E-01
987  0.8560331008E+00  0.1981242572E-01
988  0.8169768917E+00  0.2432660667E-01
989  0.7279669722E+00  0.3385776639E-01
990  0.7748419722E+00  0.2896920475E-01
991  0.6342169722E+00  0.4272317013E-01
992  0.5404669722E+00  0.5020605650E-01
993  0.5873419722E+00  0.4665429907E-01
994  0.6810919722E+00  0.3844850885E-01
995  0.5404669722E+00 -0.5020605650E-01
996  0.6342169722E+00 -0.4272317013E-01
997  0.5873419722E+00 -0.4665429907E-01
998  0.7279669722E+00 -0.3385776639E-01
999  0.8169768917E+00 -0.2432660667E-01
1000  0.8287851559E+00 -0.2298247570E-01
1001  0.8560331008E+00 -0.1981242572E-01
1002  0.7748419722E+00 -0.2896920475E-01
1003  0.6810919722E+00 -0.3844850885E-01
1004  0.8877783731E+00 -0.1598601984E-01
1005  0.8947826232E+00 -0.1512117913E-01
1006  0.4496300461E+00 -0.5580845074E-01
1007  0.4935919722E+00 -0.5332891328E-01
1008  0.2585445481E-01 -0.2647873627E-01
1009  0.7171697218E-01 -0.4122564580E-01
1010  0.1669772870E+00 -0.5499856739E-01
1011  0.1643391456E+00 -0.5477773774E-01
1012  0.2689793133E+00 -0.5976287692E-01
1013  0.2501044010E+00 -0.5938773208E-01
1014  0.2196600502E+00 -0.5835168100E-01
1015  0.2061806690E+00 -0.5768381674E-01
1016  0.3617554537E+00 -0.5920061886E-01
1017  0.3434798942E+00 -0.5960395370E-01
1018  0.4432310922E+00 -0.5613916047E-01
1019  0.4061597967E+00 -0.5777418441E-01
1020  0.3926234574E+00 -0.5829419812E-01
1021  0.3161547433E+00 -0.5993633026E-01
1022  0.2959266155E+00 -0.5999555808E-01
1023  0.1185919722E+00 -0.4964382871E-01
64
960  0.5884559444E+00 35 36
961  0.1454863501E+00 36 35
962  0.2975963667E+00 39 40
963  0.8827348529E-01 40 41
964  0.9782635815E+00 37 38
965  0.5925527849E+00 38 37
966  0.4404882563E+00 43 44
967  0.3314576042E+00 44 45
968  0.5861509950E+00 48 49
969  0.2679905783E+00 49 48
970  0.5006563500E+00 46 47
971  0.8173337531E+00 45 46
972  0.2003917368E+00 42 43
973  0.2923707207E+00 41 42
974  0.7880806137E+00 54 55
975  0.3334063472E+00 59 60
976  0.5311587571E+00 64 65
977  0.4688412429E+00 67 68
978  0.4590571059E+00 51 52
979  0.7651890343E+00 33 34
980  0.9408377109E+00 5 6
981  0.5916228906E-01 126 127
982  0.3256005982E+00 11 12
983  0.6743994018E+00 120 121
984  0.1321157033E+00 15 16
985  0.6629209944E+00 14 15
986  0.6481364589E+00 18 19
987  0.1021801555E+00 17 18
988  0.2889654108E+00 19 20
989  0.7022353629E+00 23 24
990  0.4546817645E+00 21 22
991  0.8763562006E+00 27 28
992  0.8232933277E+00 31 32
993  0.8666144235E+00 29 30
994  0.8306907290E+00 25 26
995  0.1767066723E+00 100 101
996  0.1236437994E+00 104 105
997  0.1333855765E+00 102 103
998  0.2977646371E+00 108 109
999  0.7110345892E+00 112 113
1000  0.3518635411E+00 113 114
1001  0.8978198445E+00 114 115
1002  0.5453182355E+00 110 111
1003  0.1693092710E+00 106 107
1004  0.8678842967E+00 116 117
1005  0.3370790056E+00 117 118
1006  0.4115440556E+00 96 97
1007  0.2348109657E+00 98 99
1008  0.6665936528E+00 72 73
1009  0.2119193863E+00 77 78
1010  0.4138490050E+00 83 84
1011  0.7320094217E+00 84 83
1012  0.5595117437E+00 88 89
1013  0.6685423958E+00 87 88
1014  0.1826662469E+00 86 87
1015  0.4993436500E+00 85 86
1016  0.7024036333E+00 92 93
1017  0.9117265147E+00 91 92
1018  0.8545136499E+00 97 96
1019  0.5925527849E+00 94 95
1020  0.9782635815E+00 95 94
1021  0.7076292793E+00 90 91
1022  0.7996082632E+00 89 90
1023  0.5409428941E+00 80 81
