 0.0000000000000000E+00  0.0000000000000000E+00
 0.0000000000000000E+00  0.0000000000000000E+00
-0.8214296665418258E-01 -0.5879175967165576E+00
-0.1115162648474948E+01 -0.7991168182806361E+01
 0.2073148123926397E+00  0.1506521139528104E+01
 0.1481587686281356E+00  0.1073220788783183E+01
 0.6836975598564531E-01  0.4985181534480486E+00
 0.4187359228265978E-01  0.3085894755457957E+00
 0.2809452949394422E-01  0.2098587581817550E+00
 0.1753306069220867E-01  0.1325560653725460E+00
 0.1271583374862981E-01  0.9728142208573942E-01
 0.9526222457414220E-02  0.7395581342579688E-01
 0.7235010621092166E-02  0.5691416994936811E-01
 0.5648857770981907E-02  0.4520564775191525E-01
 0.4670067136934246E-02  0.3793587084172667E-01
 0.3196683199417366E-02  0.2649049997939011E-01
 0.1591663196538621E-01  0.1353055161802975E+00
 0.1227235708250751E+00  0.1056301280954120E+01
 0.1949097889683694E-01  0.1690679274951544E+00
-0.7839118039111656E-02 -0.7042159353276901E-01
-0.1332758546421317E-01 -0.1232630528245568E+00
-0.1606096894893882E-01 -0.1514161975756688E+00
-0.1421321075756123E-01 -0.1382899311639011E+00
-0.1285600591352698E-01 -0.1275360114644641E+00
-0.9094851382478989E-02 -0.9382469943887442E-01
-0.8418219705978152E-02 -0.8906454918440643E-01
-0.6576007938840068E-02 -0.7184563076033203E-01
-0.5344564167068208E-02 -0.6120343923824864E-01
-0.4629168265516534E-02 -0.5532694088521593E-01
-0.3445302685382001E-02 -0.4337114788740687E-01
-0.3549103731084435E-02 -0.4663197542487233E-01
-0.2672804144091196E-02 -0.3727851141772234E-01
-0.2052609897686683E-02 -0.3079229210527172E-01
-0.1871775280917112E-02 -0.3162081590164428E-01
-0.1514611594731718E-02 -0.2629778867176974E-01
-0.1027603394937617E-02 -0.1970622102196296E-01
-0.6585478652621655E-03 -0.1403095885205508E-01
-0.4577312548960844E-03 -0.1343870750616327E-01
-0.2171326383244154E-03 -0.9469724922815771E-02
-0.3718857657325011E-04 -0.5058723252802824E-02
 0.3531929791018341E-04 -0.6206974722971850E-03
-0.1406532951958272E-04  0.4108881356306974E-02
-0.1819837854335559E-03  0.7498862610089817E-02
-0.5307186911475696E-04  0.8665944250138053E-02
-0.5563159290712116E-03  0.1671978383027459E-01
-0.1149744925678313E-02  0.1883343391833816E-01
-0.1962955738945004E-02  0.3478318292361052E-01
-0.2051466000958667E-02  0.3077385395321214E-01
-0.3297710088050224E-02  0.3317382044311686E-01
-0.6546472618725195E-02  0.5777724996929496E-01
-0.7364444178885680E-02  0.5569002294889915E-01
-0.1103433334496627E-01  0.7078188094617675E-01
-0.1223565207370785E-01  0.7166520120604826E-01
-0.2385706260799488E-01  0.1149251389261225E+00
-0.2462452629031497E-01  0.1050007066317382E+00
-0.4706126297257038E-01  0.1714158391840429E+00
-0.6971403781128711E-01  0.2156142086529147E+00
-0.1093283748826449E+00  0.2907855309578606E+00
-0.2149381992980491E+00  0.4943588360107816E+00
-0.3152058985341356E+00  0.5642742063974329E+00
-0.1099389397457175E+00  0.1947895104646278E+00
 0.1185006692817245E+00 -0.1338679926702294E+00
 0.2140469823298767E+00 -0.1784108765638292E+00
 0.1568886628071108E+00 -0.8370415850805105E-01
 0.1248435454039945E+00 -0.3223835985406009E-01
 0.4746837442602779E-01 -0.3765347270521235E-02
 0.2537041947447809E-01  0.5266645783954972E-02
 0.1123104919711652E-01  0.4660248247874746E-02
 0.2315929804546841E-01  0.2385514433286094E-01
 0.8695217782751785E-03 -0.6387731234889230E-02
-0.7061183726326524E-02 -0.7163145275929849E-02
-0.1782845706245673E-01 -0.2655589955133598E-01
-0.1721377683982211E-01 -0.4699220727545067E-01
 0.1765489465030861E-03 -0.7639891421169658E-03
-0.7753435949940005E-02 -0.2234660688883994E-01
-0.3822265879729769E-02 -0.1817400275042415E-01
-0.4921408227804929E-02 -0.1660434831835212E-01
-0.1759704159632699E-02 -0.7120909419345171E-02
-0.2749585729781140E-02 -0.1134915242131122E-01
-0.1590681509340922E-02 -0.1209731097507909E-01
 0.5130005466783124E-04 -0.2133974022041621E-02
-0.3783875196592418E-03 -0.5091301405830882E-02
-0.4476393774960008E-03 -0.8821691556088647E-02
-0.9074580050682966E-03 -0.6953157293056914E-02
-0.2237320499712995E-03 -0.7388291764691278E-03
-0.4487056135526999E-04 -0.7365397541882041E-02
-0.4589434464731247E-05 -0.1682793771305641E-03
-0.3149000624364789E-03 -0.5351302939478757E-02
 0.1386300816255628E-03 -0.1824879415011820E-02
 0.2016128497425965E-04  0.4021696633852599E-03
-0.6350352397039487E-04  0.1361165032756663E-03
-0.9396232633648807E-04  0.4378908338945572E-03
-0.9363255515858044E-04  0.9766593513381053E-03
-0.2108809317644699E-03  0.5775277917727462E-02
-0.1217854660816477E-03  0.4420220212843079E-02
-0.2395003747814080E-03  0.6400232082711435E-02
-0.2863737756578696E-03  0.6649832111250185E-02
-0.6441699814152955E-03  0.9991691305311167E-02
-0.7785643481750457E-03  0.1225118396912760E-01
-0.9301822200444728E-03  0.1362437096481568E-01
-0.1019249632600009E-02  0.1405819204883820E-01
-0.1493523839592475E-02  0.1879958757867340E-01
-0.1664050844593163E-02  0.1997465230053021E-01
-0.2030607597049591E-02  0.2341050319781407E-01
-0.2212430707083773E-02  0.2464477741533526E-01
-0.2797938338111618E-02  0.2987493347747626E-01
-0.3209613799019936E-02  0.3289396026590784E-01
-0.3633581753132311E-02  0.3632480704681418E-01
-0.4168795063090199E-02  0.4031424213836476E-01
-0.4888517139632422E-02  0.4617721072470188E-01
-0.5812956752264067E-02  0.5354978375306465E-01
-0.6395969066536908E-02  0.5748250762389367E-01
-0.7766207095253648E-02  0.6827415721797266E-01
-0.8919242271589259E-02  0.7671259081522645E-01
-0.1042132086027248E-01  0.8782298038680339E-01
-0.1260473499733435E-01  0.1042746279936818E+00
-0.1467810443194870E-01  0.1192072856657657E+00
-0.1804902447745276E-01  0.1443823918859149E+00
-0.2266588375881080E-01  0.1781145287212971E+00
-0.2771656219328223E-01  0.2151873839806423E+00
-0.3599728375321479E-01  0.2753853772767743E+00
-0.5179719428423779E-01  0.3915841832197829E+00
-0.7640557281345481E-01  0.5707493477094217E+00
-0.1105122952432893E+00  0.8144893777492636E+00
-0.1712201361889957E+00  0.1248535026795661E+01
-0.3224918279927900E+00  0.2336133260195505E+01
-0.2987945106414940E+00  0.2173205007816069E+01
 0.1897557129266208E+01 -0.1359878151135465E+02
 0.1362019324999172E+00 -0.9748310303986893E+00
 0.0000000000000000E+00  0.0000000000000000E+00
 0.0000000000000000E+00  0.0000000000000000E+00
